- parameters:
    beta: 1.588803141407416
  time: 49
- parameters:
    beta: 0.15291161785698615
  time: 82
- parameters:
    beta: 0.013466588069457427
  time: 136
