Economic:
  GDP:
    Benefit_over_Shutdown: 496134520975.61426
    Projected: 4657884520975.614
    Reduction_from_Baseline: 0.16059028275804388
  Total_Costs: 61291866065.490486
Medical:
  Cases: 13652277.903406257
  Deaths: 109218.22322725006
  Hospital_Cases: 116768.35917869039
  ICU_Cases: 19850.621060377365
  NHS_Costs: 919740046.3505831
  Productivity_Loss: 2672201266.0840974
Test_Outputs:
  Max_Labs: 260.41666666666663
  Max_Total_Staff: 911.4583333333333
  Total_Tests: 5877339345.567287
Trace_Outputs:
  Period_Lengths:
  - 895.0
  Tracers_Needed_Per_Hiring_Window:
  - 171541.36359020974
  Tracers_cost: 13344785173.910358
  Tracers_fixed_cost: 670475918.70849
