- parameters:
    c: 7.699999999999999
  time: 89
- parameters:
    c: 2.8600000000000003
  time: 96
- parameters:
    c: 3.8499999999999996
  time: 174
- parameters:
    c: 6.6
  time: 199
- after: 226
  condition: x[IU] + x[ID] - 10000
  direction: -1.0
  parameters:
    c: 8.8
    locked: false
  time: 388.9576400125277
- after: 226
  condition: x[IU] + x[ID] - 10000
  direction: -1.0
  parameters:
    c: 8.8
    locked: false
  time: 388.95769856935624
