- parameters:
    c: 7.699999999999999
  time: 89
- parameters:
    c: 3.3
  time: 96
- parameters:
    c: 4.4
  time: 147
- parameters:
    c: 6.6
  time: 166
- parameters:
    testedBase: 0.19886276717599446
    theta: 0.19886276717599446
  time: 174
- parameters:
    c: 8.8
  time: 199
- parameters:
    chi: 0.8
    eta: 0.8
    testedBase: 0
    theta: 0.5
  time: 264
